3 6 10 12 14 15 17 18 21 22 23 24 25
2 4 5 8 11 12 13 14 15 17 18 20 23
2 3 7 8 11 13 14 15 16 17 20 22 27
4 5 7 9 10 13 16 17 18 19 20 25 28
2 3 6 8 9 10 14 16 20 21 24 25 26
1 2 3 6 9 11 13 15 19 20 22 23 24
1 2 6 9 11 13 14 15 17 19 20 24 25
1 4 5 6 8 10 13 17 18 20 23 24 27
2 3 4 5 6 9 10 11 12 17 22 26 28
2 4 9 10 11 13 14 19 20 21 22 24 28
1 4 10 11 12 15 16 20 22 23 25 27 28
2 3 5 7 12 13 15 19 21 24 25 27 28
2 4 6 9 14 16 20 22 23 24 25 27 28
1 3 5 6 10 11 13 14 19 21 25 27 28
2 4 5 6 8 9 11 12 17 19 21 23 27
1 4 8 9 10 14 15 17 19 21 23 24 27
1 3 4 8 9 11 12 15 16 20 21 25 26
1 2 4 5 7 11 12 14 16 17 21 24 25
1 2 8 10 11 13 17 18 24 25 26 27 28
1 7 9 12 14 15 16 17 18 19 23 24 28
1 4 10 12 13 14 16 18 19 21 22 27 28
1 3 5 7 9 10 11 15 18 20 25 27 28
4 5 6 7 8 10 14 15 16 17 21 25 27
3 4 5 7 8 16 17 22 23 25 26 27 28
8 9 11 12 13 17 19 20 21 25 26 27 28
3 4 7 9 11 12 13 14 18 23 24 26 27
4 6 7 8 10 11 12 15 19 20 22 24 28
3 6 7 8 9 11 16 17 18 19 21 22 27
3 5 8 9 10 11 13 14 16 21 23 24 28
1 2 3 4 7 10 14 19 20 21 23 26 27
1 2 4 6 7 8 9 13 15 18 21 22 28
1 3 6 7 8 10 12 13 16 17 22 24 27
2 3 5 6 7 9 12 14 18 20 24 25 27
1 3 9 10 11 12 13 17 19 20 22 23 25
5 6 11 15 16 18 19 20 21 22 24 26 27
6 7 8 12 14 15 16 17 18 25 26 27 28
1 5 7 8 9 15 18 20 21 22 23 25 26
1 3 4 6 11 12 13 14 16 18 19 25 26
4 7 8 9 10 11 12 14 18 21 22 24 28
2 3 4 8 10 13 15 16 18 19 24 25 26
3 4 5 6 13 17 18 20 21 22 24 26 28
2 4 13 15 16 18 19 21 22 23 25 27 28
3 4 5 6 7 8 14 15 16 23 26 27 28
1 3 4 5 9 14 15 17 19 22 24 26 28
1 2 3 5 8 12 14 16 18 19 20 23 28
1 2 5 10 12 14 16 18 20 21 22 26 27
1 2 5 6 9 10 12 13 15 16 22 26 27
1 6 7 12 13 16 17 20 21 23 24 26 28
1 2 3 11 13 17 18 19 21 22 23 24 25
1 5 6 7 8 11 13 14 19 22 23 25 26
2 7 10 11 13 14 15 17 20 21 23 26 28
2 5 7 8 10 12 15 19 22 23 24 25 26
2 6 7 9 10 11 16 17 18 19 23 26 28
