5 15 16 17 18 19 20 21 24 26 27 28 30
3 7 10 11 13 16 18 21 24 25 27 28 31
2 4 5 6 7 8 9 13 16 26 27 28 30
1 3 4 8 9 16 17 21 24 25 28 31 32
1 7 10 12 13 14 15 18 22 23 25 28 31
1 2 3 4 11 12 15 16 18 22 27 30 31
2 4 7 9 10 16 17 19 22 25 26 28 30
1 2 9 10 12 14 15 16 19 21 25 26 27
2 3 7 8 11 15 19 21 22 26 27 29 31
1 5 6 7 14 16 18 19 22 23 24 26 32
2 5 11 13 14 17 20 21 22 23 26 30 32
1 3 7 9 10 13 20 21 23 26 29 31 32
2 3 4 9 10 15 17 18 20 23 24 26 32
1 7 9 12 15 16 17 19 21 23 24 25 28
2 6 8 10 12 14 21 22 23 24 26 28 29
8 12 13 18 21 23 24 25 26 28 30 31 32
1 2 6 8 12 15 17 18 22 24 26 29 31
1 4 5 8 9 10 14 17 20 21 24 26 31
1 2 3 4 7 10 11 19 23 24 25 29 30
3 5 6 7 9 10 12 14 16 18 19 29 30
1 2 3 6 8 10 11 15 18 20 22 28 32
2 3 7 9 13 16 17 19 20 22 28 29 32
3 4 6 10 13 15 17 19 21 22 24 28 31
2 3 5 8 10 12 13 14 16 20 21 30 31
1 2 4 5 6 7 8 10 13 16 17 23 31
2 6 9 12 16 19 20 22 24 25 27 29 30
1 5 6 7 9 11 12 13 20 21 23 25 30
2 4 6 11 12 13 16 18 20 23 25 28 29
7 8 10 13 15 16 20 22 26 28 29 30 31
1 2 5 8 11 13 16 18 19 22 25 30 32
2 3 4 5 6 8 17 18 19 21 23 30 31
1 3 5 7 8 12 17 22 23 25 26 27 32
5 6 7 9 12 15 16 17 22 24 30 31 32
1 3 5 6 7 8 12 15 16 23 27 28 29
2 3 4 6 8 9 13 14 16 22 23 24 30
3 5 10 12 14 16 22 23 26 27 28 30 32
2 3 5 9 12 13 17 18 19 23 25 27 28
1 6 9 12 13 17 18 21 22 25 27 29 32
2 9 11 16 18 20 23 24 26 27 29 31 32
2 5 9 10 11 13 15 16 22 27 28 31 32
2 3 6 8 10 11 16 19 20 23 25 26 32
1 2 6 8 10 12 14 15 16 20 25 29 32
2 6 11 14 15 17 20 22 23 24 25 27 31
2 3 4 5 11 12 20 21 23 24 27 28 31
1 4 13 14 16 19 20 22 23 26 27 29 31
3 6 9 11 13 14 15 20 23 25 26 28 30
2 3 4 5 6 7 11 12 13 22 24 29 32
3 5 6 7 12 16 17 20 21 25 26 29 31
1 2 5 9 13 14 16 20 21 24 27 28 29
2 4 10 16 17 21 23 24 25 27 29 30 32
3 4 6 8 11 14 19 20 22 24 27 30 32
1 2 3 6 9 11 14 17 21 27 30 31 32
1 3 5 9 12 15 18 19 20 21 22 31 32
1 2 3 6 10 16 17 19 20 25 27 28 31
2 4 7 8 9 11 12 19 22 25 27 31 32
3 4 6 12 13 15 16 19 21 23 26 27 32
2 5 6 7 9 10 11 15 18 23 26 27 30
3 4 7 8 9 10 15 16 17 20 24 27 29
1 7 8 10 11 13 19 20 23 24 27 30 31
1 4 5 6 13 14 15 16 18 25 27 28 32
1 2 4 7 11 12 15 20 23 26 28 30 32
5 6 7 8 11 14 16 17 18 19 27 28 31
2 4 5 6 7 13 14 15 18 19 20 21 25
2 4 6 7 10 11 12 14 16 17 18 21 32
1 3 4 5 10 11 12 14 15 17 24 25 30
1 5 10 11 24 25 26 27 28 29 30 31 32
4 6 9 10 11 12 13 14 17 26 27 29 31
1 2 3 5 12 13 15 17 20 24 26 27 32
2 7 8 10 12 14 17 18 20 24 26 27 30
1 4 5 10 11 17 18 19 22 27 28 29 32
2 3 4 7 14 18 21 24 26 28 29 30 31
1 3 8 11 12 13 14 16 17 19 26 28 30
6 9 12 16 17 19 23 26 28 29 30 31 32
3 7 8 13 14 15 16 18 25 27 29 30 32
1 4 6 8 9 11 12 13 15 19 21 29 30
1 6 9 10 11 16 18 21 22 24 26 28 30
1 3 7 11 14 16 17 18 20 22 23 29 30
2 8 11 14 15 17 19 21 24 25 28 29 32
2 7 9 11 13 14 15 16 17 18 24 25 26
1 3 4 6 9 13 18 20 22 24 25 26 27
5 6 7 8 10 20 21 22 24 25 27 28 32
4 6 8 9 10 13 17 18 20 25 30 31 32
4 5 7 10 15 16 19 20 21 22 29 30 32
2 5 8 9 10 13 18 19 24 25 26 29 31
5 9 10 12 13 14 16 19 23 24 25 31 32
1 2 4 7 8 9 14 18 20 21 22 23 27
2 3 7 14 15 16 19 21 22 23 25 30 31
2 4 7 8 9 14 15 18 20 28 29 31 32
4 8 9 10 11 12 14 17 19 20 22 23 28
2 5 8 9 11 13 14 15 17 23 24 29 30
7 8 12 13 16 17 19 20 21 22 26 27 30
5 6 8 10 11 15 16 18 19 20 21 23 29
3 4 5 8 9 11 12 16 18 19 20 24 26
3 4 7 9 10 11 12 21 22 25 26 28 29
4 5 8 9 14 15 22 23 25 26 29 31 32
