1 4 5 7 9 11 12 14 16 18 24 25 27
6 11 12 13 14 16 17 18 21 22 25 27 28
4 5 7 9 10 13 15 16 18 20 21 22 28
1 3 5 6 12 15 16 20 21 22 25 26 28
4 6 7 8 9 10 12 19 21 23 24 25 28
1 3 5 7 9 12 14 19 21 22 25 26 27
1 2 7 10 12 15 17 18 19 24 26 27 28
3 4 5 8 9 12 17 18 20 22 23 27 28
1 3 6 7 10 15 16 18 20 22 23 25 28
3 4 5 10 12 13 16 17 18 21 23 24 25
1 4 5 6 8 10 11 13 18 19 20 21 27
2 3 5 6 8 9 11 12 16 21 22 25 28
2 4 6 7 9 12 13 15 16 19 22 23 27
1 4 8 9 11 12 13 14 15 22 23 26 28
5 9 10 11 13 15 16 17 19 20 23 25 26
2 3 5 7 8 11 12 14 15 19 20 25 27
5 6 7 10 11 13 14 17 23 25 26 27 28
2 3 5 6 9 10 11 12 13 15 22 24 27
7 9 11 12 13 15 17 18 19 20 21 22 25
3 5 7 10 12 13 14 16 19 22 24 26 28
1 3 6 7 8 13 18 20 21 22 23 24 27
1 4 5 6 11 15 18 19 20 22 24 25 28
3 4 7 9 13 15 16 17 18 20 24 25 26
2 4 5 7 10 13 14 18 20 21 22 26 28
1 2 3 4 7 10 11 15 16 17 21 27 28
1 2 3 4 5 11 12 15 17 18 23 26 27
2 3 6 7 8 9 10 11 18 23 25 26 28
7 8 9 10 11 12 17 19 20 22 24 27 28
1 3 8 9 13 14 15 18 19 21 23 24 28
5 6 7 8 11 14 15 17 21 22 23 24 26
1 4 6 7 8 11 12 16 19 20 23 26 27
1 3 9 10 14 16 18 19 22 23 24 25 27
2 8 9 14 15 16 18 20 22 24 25 26 27
1 2 6 9 10 12 14 16 17 18 20 22 26
3 4 6 8 10 14 15 16 17 19 21 22 26
1 5 7 8 9 10 13 14 15 16 24 26 28
3 4 6 13 14 17 19 22 24 25 26 27 28
3 4 5 6 7 8 12 14 15 17 18 19 23
2 4 8 10 12 14 15 20 21 23 24 25 27
1 3 5 6 8 10 12 13 16 20 24 26 27
1 2 7 8 12 13 16 17 18 19 21 25 26
1 2 5 15 16 17 19 21 22 23 24 27 28
2 3 6 9 11 13 15 18 21 23 24 26 27
1 2 5 8 10 13 16 17 19 22 23 24 25
2 3 8 11 14 15 16 18 19 20 22 23 26
1 2 3 4 7 8 11 13 16 17 22 24 25
6 8 10 11 12 14 15 16 17 18 20 22 24
1 2 6 8 9 13 14 15 17 20 25 27 28
2 3 4 11 12 13 14 16 19 20 23 24 28
1 4 9 10 11 12 21 22 23 24 25 26 27
2 4 5 6 8 9 16 18 19 24 25 26 28
8 9 11 16 17 19 20 21 23 24 26 27 28
1 2 5 6 7 9 14 16 17 20 21 23 24
1 2 3 4 6 9 10 11 14 17 19 20 21
