1 2 3 4 5 6 7 8 9 14 20 30 32
1 2 3 4 5 14 16 18 22 27 29 31 32
1 2 3 10 13 15 16 17 20 23 25 27 28
1 2 3 11 12 18 19 20 21 22 24 26 31
1 2 4 6 7 9 10 13 19 24 26 30 31
1 2 4 7 9 11 12 22 25 27 28 29 30
1 2 4 7 9 15 16 17 18 21 23 24 30
1 2 5 6 8 10 12 13 14 18 21 24 29
1 2 5 6 8 11 12 14 15 16 17 22 23
1 2 5 6 15 16 18 20 21 25 27 28 32
1 2 5 8 12 14 19 24 25 26 27 28 31
1 2 7 8 13 16 19 20 24 25 28 29 32
1 2 7 10 11 12 13 15 18 22 23 24 32
1 2 12 15 16 17 19 23 24 26 29 31 32
1 3 4 6 7 8 10 11 15 18 26 27 29
1 3 4 6 8 13 16 17 19 22 27 29 31
1 3 4 8 10 11 12 15 21 23 24 25 28
1 3 5 6 7 14 15 18 23 25 26 28 29
1 3 5 7 10 12 14 19 22 23 24 27 31
1 3 5 7 11 13 14 16 17 20 21 24 27
1 3 6 9 10 11 12 20 21 24 29 30 32
1 3 8 9 12 17 18 19 20 21 27 30 31
1 3 9 12 13 16 17 18 24 26 27 30 32
1 3 9 15 16 19 22 23 25 28 30 31 32
1 4 5 6 13 14 15 19 21 23 24 31 32
1 4 5 10 11 12 14 16 17 25 26 28 32
1 4 6 7 8 12 16 17 20 21 22 26 32
1 4 6 11 12 13 18 19 20 24 25 28 31
1 4 10 12 15 20 21 22 23 24 26 27 29
1 5 6 9 10 12 14 15 20 23 24 27 30
1 5 9 11 14 16 17 18 19 20 29 30 31
1 5 9 13 14 20 21 22 25 26 28 29 30
1 6 8 9 10 16 17 18 22 24 25 28 30
1 7 8 9 11 12 13 15 23 26 28 29 30
1 7 8 10 11 15 18 19 20 23 27 31 32
1 7 10 16 17 19 21 24 25 26 28 29 31
2 3 4 5 7 10 12 13 18 27 28 29 30
2 3 4 6 10 12 15 17 19 21 22 25 32
2 3 4 11 13 17 23 24 26 27 28 29 32
2 3 5 6 7 8 9 12 16 19 21 22 29
2 3 5 6 7 8 9 13 18 23 27 28 31
2 3 5 7 8 9 10 11 15 17 24 25 26
2 3 6 7 9 12 13 15 17 22 24 29 31
2 3 6 11 14 16 23 24 25 26 27 30 32
2 3 10 12 14 15 17 18 20 25 29 30 31
2 3 12 13 14 19 21 22 23 24 27 28 30
2 4 5 6 8 10 11 19 20 21 23 30 31
2 4 5 8 11 15 17 20 21 27 28 29 31
2 4 5 8 12 13 16 18 20 22 24 25 26
2 4 6 7 15 16 19 20 21 27 29 30 32
2 4 6 10 11 14 16 18 19 24 27 28 29
2 4 7 9 11 12 14 18 19 22 23 25 31
2 4 7 10 12 13 17 18 20 23 25 30 32
2 4 10 13 14 15 17 19 21 25 26 30 32
2 5 6 8 16 21 23 24 25 26 29 30 32
2 5 7 9 10 12 16 19 20 21 26 27 28
2 5 8 10 12 13 16 22 27 28 30 31 32
2 5 8 11 12 13 15 17 18 19 24 30 32
2 6 7 9 11 13 14 16 20 21 25 31 32
2 6 12 15 17 18 20 22 24 26 27 28 30
2 7 9 10 14 18 20 22 23 24 26 29 32
2 7 9 12 14 15 17 19 20 24 27 28 32
3 4 5 6 7 11 17 18 19 22 23 28 30
3 4 5 7 12 15 16 21 24 25 26 30 31
3 4 5 9 10 11 12 13 18 19 22 24 27
3 4 6 7 9 14 17 19 20 22 24 25 26
3 4 9 10 11 12 14 16 20 23 24 28 31
3 4 9 12 13 14 15 18 20 21 25 27 29
3 5 6 7 10 16 18 20 21 23 24 28 32
3 5 6 7 11 12 17 20 24 28 29 31 32
3 5 7 13 15 19 20 22 24 25 26 27 32
3 6 8 9 12 14 17 18 20 23 28 29 32
3 6 8 10 11 12 13 14 21 26 27 31 32
3 6 8 11 13 15 16 20 24 25 27 30 31
3 7 8 9 13 17 19 21 23 26 28 29 31
3 8 10 12 16 19 20 22 23 26 28 29 30
3 8 11 14 15 16 18 19 22 24 25 29 32
4 5 6 9 12 15 16 19 23 25 26 27 29
4 5 8 9 10 12 17 24 25 27 29 31 32
4 5 8 9 11 13 16 17 22 23 24 28 32
4 5 9 10 15 18 21 22 24 25 26 31 32
4 6 7 8 10 12 14 17 19 22 25 27 30
4 6 8 9 11 15 18 19 21 24 26 28 32
4 7 8 10 11 13 14 15 16 21 22 28 30
4 7 8 14 17 18 23 24 26 27 29 30 31
4 7 11 14 15 20 22 24 26 28 30 31 32
5 6 9 11 12 17 19 21 22 23 24 27 32
5 6 10 11 13 17 20 22 23 25 26 29 31
5 6 10 12 13 15 16 18 23 26 28 30 31
5 9 10 13 15 16 19 22 24 28 29 30 32
5 10 11 17 18 19 21 22 25 26 27 29 30
6 7 8 12 16 18 21 22 23 24 25 27 31
6 12 13 14 17 18 21 22 28 29 30 31 32
7 11 12 13 14 16 18 19 21 23 24 26 29
8 9 10 13 14 17 19 20 21 23 24 25 30
8 9 11 12 14 15 16 20 22 26 27 30 31
